4029
0 1 0
2 3 1
4 5 0
6 7 0
8 9 0
10 11 0
12 13 0
14 15 0
16 17 0
18 19 0
20 21 0
20 22 0
20 23 0
20 24 0
25 26 0
27 28 0
29 30 0
31 32 0
31 33 0
34 35 0
34 36 0
37 38 0
37 39 0
40 41 0
42 43 2
44 45 0
44 46 0
47 48 2
49 50 0
49 51 0
49 52 0
49 53 0
49 54 0
55 56 0
57 58 3
57 59 0
60 61 0
62 63 0
64 65 0
66 67 0
68 69 0
70 71 0
72 73 0
74 75 0
76 77 0
76 78 0
79 80 0
81 82 0
81 83 0
81 39 0
81 84 0
81 85 0
81 86 0
81 28 0
81 87 0
81 88 0
89 90 2
89 91 2
92 93 0
94 95 1
94 96 4
97 98 2
97 99 2
97 100 2
97 101 2
97 102 2
97 103 2
97 104 2
97 105 2
97 106 2
97 107 2
97 108 2
97 109 2
97 110 2
97 111 2
97 112 2
97 113 2
97 114 2
97 115 2
97 116 2
97 117 2
97 118 2
97 119 2
97 120 2
97 121 2
97 122 2
97 123 2
97 124 2
97 125 2
97 126 2
97 127 2
97 128 2
97 129 2
97 130 2
97 131 2
97 132 2
97 133 2
97 134 2
97 135 2
97 136 2
97 137 2
97 138 2
97 139 2
97 140 2
97 141 2
97 142 2
97 143 2
97 144 2
97 145 2
97 146 2
97 147 2
97 148 2
97 149 2
97 150 2
97 151 2
97 152 2
97 153 2
154 155 0
156 157 0
158 159 0
160 161 3
160 162 0
160 163 0
164 165 0
166 167 0
166 168 0
166 169 0
170 171 0
172 173 0
174 175 5
174 2 6
176 177 2
178 179 3
178 180 3
178 181 3
178 182 3
178 183 0
184 185 0
186 187 0
188 189 0
190 191 4
192 193 0
194 195 0
196 197 0
198 199 3
198 200 3
198 201 3
198 202 3
198 203 0
198 204 0
205 206 0
207 208 0
209 210 0
211 212 0
211 213 0
214 215 0
216 217 0
216 218 0
216 219 0
216 220 0
221 222 3
221 223 3
221 224 0
221 225 0
226 227 0
228 229 0
228 230 0
231 232 3
231 233 0
231 234 0
235 236 0
237 83 0
237 238 0
237 239 0
237 86 0
237 240 0
237 85 0
234 232 2
241 242 0
243 244 0
245 246 2
247 155 0
248 249 4
250 251 0
250 67 0
250 252 0
250 253 0
250 254 0
250 255 0
256 257 0
258 259 0
260 190 4
261 262 0
203 202 2
203 200 2
203 201 2
203 199 2
263 264 0
265 266 0
267 268 5
267 190 6
269 270 0
269 271 0
272 273 0
274 275 0
274 276 0
277 278 3
277 279 0
280 281 0
282 283 0
284 285 2
286 287 5
286 288 6
289 290 0
291 292 0
291 293 0
294 295 3
294 296 3
294 297 0
298 299 0
300 301 0
302 303 0
304 305 0
306 307 0
306 308 0
306 309 0
306 310 0
306 311 0
306 312 0
306 313 0
306 314 0
306 315 0
306 316 0
306 317 0
306 318 0
306 319 0
306 320 0
306 321 0
306 322 0
306 323 0
306 324 0
325 326 0
327 328 0
327 329 0
330 331 0
332 333 5
332 334 6
335 2 7
335 336 8
337 43 3
337 42 0
338 339 0
340 341 7
342 343 0
344 345 0
346 347 0
348 238 0
348 86 0
348 240 0
349 350 3
349 351 0
352 353 0
354 236 0
355 356 0
357 358 0
359 360 5
359 361 6
362 363 7
362 364 8
365 366 0
367 368 0
367 369 0
367 224 0
367 370 0
367 371 0
367 372 0
373 374 3
373 375 0
376 377 0
378 379 0
378 380 0
378 381 0
378 382 0
378 383 0
378 384 0
378 385 0
378 386 0
378 387 0
378 388 0
378 389 0
378 390 0
378 19 0
378 391 0
378 392 0
378 393 0
378 394 0
378 395 0
378 396 0
378 397 0
378 398 0
378 399 0
378 400 0
378 401 0
378 402 0
378 157 0
378 403 0
378 240 0
378 404 0
378 405 0
378 358 0
378 406 0
407 408 0
409 410 0
411 412 0
413 414 0
415 416 4
417 418 0
419 420 0
421 422 0
421 423 0
424 425 3
424 82 0
424 426 0
424 305 0
424 427 0
424 428 0
424 429 0
424 430 0
424 431 0
424 377 0
424 432 0
424 433 0
424 347 0
424 434 0
424 435 0
424 436 0
424 437 0
424 438 0
424 439 0
424 440 0
424 441 0
424 442 0
424 88 0
424 443 0
424 444 0
424 445 0
424 446 0
424 447 0
424 448 0
424 270 0
424 168 0
424 449 0
424 450 0
424 451 0
424 452 0
424 453 0
424 454 0
424 455 0
424 414 0
424 456 0
424 266 0
424 457 0
424 458 0
424 459 0
424 239 0
424 460 0
424 461 0
424 462 0
424 463 0
424 464 0
465 466 0
467 468 0
469 470 3
469 471 0
472 473 0
472 474 0
475 476 5
475 477 6
478 479 3
478 480 0
478 481 0
482 483 0
484 485 0
484 486 0
484 487 0
484 395 0
488 489 0
490 491 0
492 493 0
494 495 0
496 249 4
336 497 4
498 499 9
500 501 0
502 503 0
504 505 0
506 507 0
508 11 0
508 509 0
510 456 0
511 512 0
513 7 0
514 515 2
516 517 0
518 519 0
520 521 2
522 523 3
522 524 0
525 526 9
527 528 0
529 530 0
531 532 0
533 534 0
95 96 4
535 536 3
535 537 0
538 539 0
538 540 0
541 542 0
543 345 0
544 545 0
546 547 0
548 549 3
548 550 0
551 552 0
96 3 1
553 554 0
555 95 4
556 557 0
558 559 0
560 281 0
561 562 0
563 564 0
565 566 0
567 568 5
567 415 6
569 13 0
570 571 0
570 572 0
573 574 0
575 251 0
576 577 0
576 578 0
579 580 0
581 582 0
583 584 2
585 586 0
587 588 9
589 590 3
589 591 0
592 593 2
594 595 0
596 597 0
598 599 0
600 387 0
601 602 10
601 603 10
601 604 10
601 605 10
601 606 10
601 607 10
601 608 10
601 609 10
601 610 10
601 611 10
601 612 10
601 613 10
601 614 10
601 615 10
601 616 10
601 617 10
601 618 10
601 619 10
601 620 10
601 621 10
601 622 10
601 623 10
601 624 10
601 625 10
601 626 10
601 627 10
601 628 10
601 629 10
601 630 10
601 631 10
601 632 10
601 633 10
601 634 10
601 635 10
601 636 10
601 637 10
601 638 10
601 639 10
601 640 10
601 641 10
601 642 10
601 643 10
601 644 10
601 645 10
601 646 10
601 647 10
601 648 10
601 649 10
601 650 10
601 651 10
601 652 10
601 653 10
601 654 10
601 655 10
601 656 10
601 657 10
601 658 10
601 659 10
601 518 11
601 660 10
601 661 10
601 662 10
601 663 10
601 664 10
601 665 10
601 666 10
601 667 10
601 668 10
601 669 10
601 670 10
601 671 10
601 672 10
601 673 10
601 674 10
601 675 10
601 676 10
601 677 10
601 678 10
601 679 10
601 680 10
601 681 10
601 682 10
601 683 10
601 684 10
601 685 10
601 686 10
601 687 10
601 688 10
601 689 10
601 690 10
601 691 10
601 692 10
601 693 10
601 694 10
601 695 10
601 696 10
601 697 10
601 698 11
601 699 10
601 700 10
601 701 10
601 702 10
601 703 10
601 704 10
601 705 10
601 706 10
601 707 10
601 708 10
601 709 10
601 710 10
601 711 10
601 712 10
601 713 10
601 714 10
601 715 10
601 716 10
601 717 10
601 718 10
601 719 10
601 720 10
601 721 10
601 722 10
601 723 10
601 724 10
601 725 10
601 726 10
601 727 10
601 728 10
601 729 10
601 730 10
601 731 11
601 732 10
601 733 10
601 734 10
601 735 10
601 736 10
601 737 10
601 738 10
601 739 10
601 740 10
601 741 10
601 742 10
601 743 10
601 744 10
601 745 10
601 746 10
601 747 10
601 748 10
601 749 10
601 750 10
601 751 10
601 752 10
601 753 10
601 754 10
601 755 10
601 756 10
601 757 10
601 758 10
601 759 10
601 760 10
601 761 10
601 762 10
601 763 10
601 764 10
601 765 10
601 766 10
601 767 10
601 768 10
601 769 10
601 770 10
601 771 10
601 772 10
601 773 10
601 774 10
601 775 10
601 776 10
601 777 10
601 778 10
601 779 10
601 780 10
601 781 10
601 782 10
601 783 10
601 784 10
601 785 10
601 786 10
601 787 10
601 788 10
601 789 10
601 790 10
601 791 10
601 792 10
601 793 10
601 794 10
601 795 10
601 796 10
601 797 10
601 798 10
601 799 10
601 800 10
601 801 10
601 802 10
601 803 10
601 804 10
601 805 10
601 806 10
601 807 10
601 808 10
601 809 10
601 810 10
601 811 10
601 812 10
601 813 10
601 814 10
601 815 10
601 816 10
601 817 10
601 818 10
601 819 10
601 820 10
601 821 10
601 822 10
601 823 10
601 824 10
601 825 10
601 826 10
601 827 10
601 828 10
601 829 10
601 830 10
601 831 10
601 832 10
601 833 10
601 834 10
601 835 10
601 836 10
601 837 10
601 838 10
601 839 10
601 840 10
601 841 10
601 842 10
601 843 10
601 844 10
601 845 10
601 846 10
601 847 10
601 848 10
601 849 10
601 850 10
601 851 11
601 852 10
601 853 10
601 854 10
601 855 10
601 856 10
601 857 10
601 858 10
601 859 10
601 860 10
601 861 10
601 862 10
601 863 10
601 864 10
601 865 10
601 866 10
601 867 10
601 868 10
601 869 10
601 870 10
601 871 10
601 872 10
601 873 10
601 874 10
601 875 10
601 876 10
601 877 10
601 878 10
601 879 10
601 880 10
601 881 10
601 882 10
601 883 10
601 884 10
601 885 10
601 886 10
601 887 10
601 888 10
601 889 10
601 890 10
601 891 10
601 892 10
601 893 10
601 894 10
601 895 10
601 896 10
601 897 10
601 898 10
601 899 10
601 900 10
601 901 10
601 902 10
601 903 10
601 904 10
601 905 10
601 906 10
601 907 11
601 908 10
601 909 10
601 910 10
601 911 10
601 912 10
601 913 10
601 914 11
601 915 10
601 916 10
601 917 10
601 918 10
601 919 10
601 920 10
601 921 10
601 922 10
601 923 10
601 924 10
601 925 10
601 926 10
601 927 10
601 928 10
601 929 10
601 930 10
601 931 10
601 932 10
601 933 10
601 934 10
601 935 10
601 936 10
601 937 10
601 938 10
601 939 10
601 940 10
601 941 10
601 942 10
601 943 11
601 944 10
601 945 10
601 946 10
601 947 10
601 948 10
601 949 10
601 950 10
601 951 10
601 952 10
601 953 10
601 954 10
601 955 10
601 956 10
601 957 10
601 958 10
601 959 10
601 960 10
601 961 10
601 962 10
601 963 10
601 964 10
601 965 10
601 966 10
601 967 10
601 968 10
601 969 10
601 970 10
601 971 10
601 972 10
601 973 10
601 974 10
601 975 10
601 976 10
601 977 10
601 978 10
601 979 10
601 980 10
601 981 10
601 982 10
601 983 10
601 984 10
601 985 10
601 986 10
601 987 10
601 988 10
601 989 10
601 990 10
601 991 10
601 992 10
601 993 10
601 994 10
601 995 10
601 996 10
601 997 10
601 998 10
601 999 10
601 1000 10
601 1001 10
601 1002 10
601 1003 10
601 1004 10
601 1005 10
601 1006 10
601 1007 10
601 1008 10
601 1009 10
601 1010 10
601 1011 10
601 1012 10
601 1013 10
601 1014 10
601 1015 10
601 1016 10
601 1017 10
601 1018 10
601 1019 10
601 1020 10
601 1021 10
601 1022 10
601 1023 10
601 1024 10
601 1025 10
601 1026 10
601 1027 10
601 1028 10
601 1029 10
601 1030 10
601 1031 10
601 1032 10
601 1033 10
601 1034 10
601 1035 10
601 1036 10
601 1037 10
601 1038 10
601 1039 10
601 1040 10
601 1041 10
601 1042 10
601 1043 10
601 1044 10
601 1045 10
601 1046 10
601 1047 10
601 1048 10
601 1049 10
601 1050 10
601 1051 10
601 1052 10
601 1053 10
601 1054 10
601 1055 10
601 1056 10
601 1057 10
601 1058 10
601 1059 10
601 1060 10
601 1061 10
601 1062 10
601 1063 10
601 1064 10
601 1065 10
601 1066 10
601 1067 10
601 1068 10
601 1069 10
601 1070 10
601 1071 10
601 1072 10
601 1073 10
601 1074 10
601 1075 10
601 1076 10
601 1077 10
601 1078 10
601 1079 10
601 1080 10
601 1081 10
601 1082 10
601 1083 10
601 1084 10
601 1085 10
601 1086 10
601 1087 11
601 1088 10
601 1089 10
601 1090 10
601 1091 10
601 1092 10
601 1093 10
601 1094 10
601 1095 10
601 1096 10
601 1097 10
601 1098 10
601 1099 10
601 1100 10
601 1101 10
601 1102 10
601 1103 10
601 1104 10
601 1105 10
601 1106 10
601 1107 10
601 1108 10
601 1109 10
601 1110 10
601 1111 10
601 1112 10
601 1113 10
601 1114 10
601 1115 10
601 1116 10
601 1117 10
601 1118 10
601 1119 10
601 1120 10
601 1121 10
601 1122 10
601 1123 10
601 1124 10
601 1125 10
601 1126 10
601 1127 10
601 1128 10
601 1129 10
601 1130 10
601 1131 10
601 1132 10
601 1133 10
601 1134 10
601 1135 10
601 1136 10
601 1137 10
601 1138 11
601 1139 10
601 1140 10
601 1141 10
601 1142 10
601 1143 10
601 1144 10
601 1145 10
601 1146 10
601 1147 10
601 1148 10
601 1149 10
601 1150 10
601 1151 10
601 1152 10
601 1153 10
601 1154 10
601 1155 10
601 1156 10
601 1157 10
601 1158 10
601 1159 10
601 1160 10
601 1161 10
601 1162 10
601 1163 10
601 1164 10
601 1165 10
601 1166 10
601 1167 10
601 1168 10
601 1169 10
601 1170 10
601 1171 10
601 1172 10
601 1173 10
601 1174 10
601 1175 10
601 1176 10
601 1177 10
601 1178 10
601 1179 10
601 1180 10
601 1181 10
601 1182 10
601 1183 10
601 1184 10
601 1185 10
601 1186 10
601 1187 10
601 1188 10
601 1189 10
601 342 11
601 1190 10
601 1191 10
601 1192 10
601 1193 10
601 1194 10
601 1195 10
601 1196 10
601 1197 10
601 1198 10
601 1199 10
601 1200 10
601 1201 10
601 1202 10
601 1203 10
601 1204 10
601 1205 10
601 1206 10
601 1207 10
601 1208 10
601 1209 10
601 1210 10
601 1211 10
601 1212 10
601 1213 10
601 1214 10
601 1215 10
601 1216 10
601 1217 10
601 1218 10
601 1219 10
601 1220 10
601 1221 10
601 1222 10
601 1223 10
601 1224 10
601 1225 10
601 1226 10
601 1227 10
601 1228 10
601 1229 10
601 1230 10
601 1231 10
601 1232 10
601 1233 10
601 1234 10
601 1235 10
601 1236 10
601 1237 10
601 1238 10
601 1239 10
601 1240 10
601 1241 10
601 1242 10
601 1243 10
601 1244 10
601 1245 10
601 1246 10
601 1247 10
601 1248 10
601 1249 10
601 1250 10
601 1251 10
601 1252 10
601 1253 10
601 1254 10
601 1255 10
601 1256 10
601 1257 10
601 1258 10
601 1259 10
601 1260 10
601 1261 10
601 1262 10
601 1263 10
601 1264 10
601 1265 10
601 1266 10
601 1267 10
601 1268 10
601 1269 10
601 1270 10
601 1271 10
601 1272 10
601 1273 10
601 1274 10
601 1275 10
601 1276 10
601 1277 10
601 1278 10
601 1279 10
601 1280 10
601 1281 10
601 1282 10
601 1283 10
601 1284 10
601 1285 10
601 1286 10
601 1287 10
601 1288 10
601 1289 10
601 1290 10
601 1291 10
601 1292 10
601 1293 10
601 1294 10
601 1295 10
601 1296 10
601 1297 10
601 1298 10
601 1299 10
601 1300 10
601 1301 10
601 1302 10
601 1303 10
601 1304 10
601 1305 10
601 1306 10
601 1307 10
601 1308 10
601 1309 10
601 1310 10
601 1311 10
601 1312 10
601 1313 10
601 1314 10
601 1315 10
601 1316 10
601 1317 10
601 1318 10
601 1319 10
601 1320 10
601 1321 10
601 1322 10
601 1323 10
601 1324 10
601 1325 10
601 1326 10
601 1327 10
601 1328 10
601 1329 10
601 1330 10
601 1331 10
601 1332 10
601 1333 10
601 1334 10
601 1335 10
601 1336 10
601 1337 10
601 1338 10
601 1339 10
601 1340 10
601 1341 10
601 1342 10
601 1343 10
601 1344 10
601 1345 10
601 1346 10
601 1347 10
601 1348 10
601 1349 10
601 1350 10
601 1351 10
601 1352 10
601 1353 10
601 1354 10
601 1355 10
601 1356 10
601 1357 10
601 1358 10
601 1359 10
601 1360 10
601 1361 10
601 1362 10
601 1363 11
601 1364 10
601 1365 10
601 1366 10
601 1367 10
601 1368 10
601 1369 10
601 1370 10
601 1371 10
601 1372 10
601 1373 10
601 1374 10
601 1375 10
601 1376 10
601 1377 10
601 1378 10
601 1379 10
601 1380 10
601 1381 10
601 1382 10
601 1383 10
601 1384 10
601 1385 10
601 1386 10
601 1387 10
601 1388 10
601 1389 10
601 1390 10
601 1391 10
601 1392 10
601 1393 10
601 1394 10
601 1395 10
601 1396 10
601 1397 10
601 1398 10
601 1399 10
601 1400 10
601 1401 10
601 1402 10
601 1403 10
601 1404 10
601 1405 10
601 1406 10
601 1407 10
601 1408 10
601 1409 10
601 1410 10
601 1411 10
601 1412 10
601 1413 10
601 1414 10
601 1415 10
601 1416 10
601 1417 10
601 1418 10
601 1419 10
601 1420 10
601 1421 10
601 1422 10
601 1423 10
601 1424 10
601 1425 10
601 1426 10
601 1427 10
601 1428 10
601 1429 10
601 1430 10
601 1431 10
601 1432 10
601 1433 10
601 1434 10
601 1435 10
601 1436 10
601 1437 10
601 1438 10
601 1439 10
601 1440 10
601 1441 10
601 1442 10
601 1443 10
601 1444 10
601 1445 10
601 1446 10
601 1447 10
601 1448 10
601 1449 10
601 1450 10
601 1451 10
601 1452 10
601 1453 10
601 1454 10
601 1455 10
601 1456 10
601 1457 10
601 1458 10
601 1459 10
601 1460 10
601 1461 10
601 1462 10
601 1463 10
601 1464 10
601 1465 10
601 1466 10
601 1467 10
601 1468 10
601 1469 10
601 1470 10
601 1471 10
601 1472 10
601 1473 10
601 1474 10
601 1475 10
601 170 11
601 1476 10
601 1477 10
601 1478 10
601 1479 10
601 1480 10
601 1481 10
601 1482 10
601 1483 10
601 1484 10
601 1485 10
601 1486 10
601 1487 10
601 1488 10
601 1489 10
601 1490 10
601 1491 10
601 1492 10
601 1493 10
601 1494 10
601 1495 10
601 1496 10
601 1497 10
601 1498 10
601 1499 10
601 1500 10
601 1501 10
601 1502 10
601 1503 10
601 1504 10
601 1505 10
601 1506 10
601 1507 10
601 1508 10
601 1509 10
601 1510 10
601 1511 10
601 1512 10
601 1513 10
601 1514 10
601 1515 10
601 1516 10
601 1517 10
601 1518 10
601 1519 10
601 1520 10
601 1521 10
601 1522 10
601 1523 10
601 1524 10
601 1525 10
601 1526 10
601 1527 10
601 1528 10
601 1529 10
601 1530 10
601 1531 10
601 1532 10
601 1533 10
601 1534 10
601 1535 10
601 1536 10
601 1537 10
601 1538 10
601 1539 10
601 1540 10
601 1541 10
601 1542 10
601 1543 10
601 1544 10
601 1545 10
601 1546 10
601 1547 10
601 1548 10
601 1549 10
601 1550 10
601 1551 10
601 1552 10
601 1553 10
601 1554 10
601 1555 10
601 1556 10
601 1557 10
601 1558 10
601 1559 10
601 1560 10
601 1561 10
601 1562 10
601 1563 10
601 1564 10
601 1565 10
601 1566 10
601 1567 10
601 1568 10
601 1569 10
601 1570 10
601 1571 10
601 1572 10
601 1573 10
601 1574 10
601 1575 10
601 1576 10
601 1577 10
601 1578 10
601 1579 10
601 1580 10
601 1581 10
601 1582 10
601 1583 10
601 1584 10
601 1585 10
601 1586 10
601 1587 10
601 1588 11
601 1589 10
601 1590 10
601 1591 10
601 1592 10
601 1593 10
601 1594 10
601 1595 10
601 1596 10
601 1597 10
601 1598 10
601 1599 10
601 1600 10
601 1601 10
601 1602 10
601 1603 10
601 1604 10
601 1605 10
601 1606 10
601 1607 10
601 1608 10
601 1609 10
601 1610 10
601 1611 10
601 1612 10
601 1613 10
601 1614 10
601 1615 10
601 1616 10
601 1617 10
601 1618 10
601 1619 11
601 1620 10
601 1621 10
601 1622 10
601 1623 10
601 1624 10
601 1625 10
601 1626 10
601 1627 10
601 1628 10
601 1629 10
601 1630 10
601 1631 10
601 1632 10
601 1633 10
601 1634 10
601 1635 10
601 1636 10
601 1637 10
601 1638 10
601 1639 10
601 1640 10
601 1641 10
601 1642 10
601 1643 10
601 1644 10
601 1645 10
601 1646 10
601 1647 10
601 1648 10
601 1649 10
601 1650 10
601 1651 10
601 1652 10
601 1653 10
601 1654 11
601 1655 10
601 1656 10
601 1657 10
601 1658 10
601 1659 10
601 1660 10
601 1661 10
601 1662 10
601 1663 10
601 1664 10
601 1665 10
601 1666 10
601 1667 10
601 1668 10
601 1669 10
601 1670 10
601 1671 10
601 1672 10
601 1673 10
601 1674 10
601 1675 10
601 1676 10
601 1677 10
601 1678 10
601 1679 10
601 1680 10
601 1681 10
601 1682 10
601 1683 10
601 1684 10
601 1685 10
601 1686 10
601 1687 10
601 1688 10
601 1689 10
601 1690 10
601 1691 10
601 1692 10
601 1693 10
601 1694 11
601 1695 10
601 1696 10
601 1697 10
601 1698 10
601 1699 10
601 1700 10
601 1701 10
601 1702 10
601 1703 10
601 1704 10
601 1705 10
601 1706 10
601 1707 10
601 1708 10
601 1709 10
601 1710 10
601 1711 10
601 1712 10
601 1713 10
601 1714 10
601 1715 10
601 1716 10
601 1717 10
601 1718 10
601 1719 10
601 1720 10
601 1721 10
601 1722 10
601 1723 10
601 1724 10
601 1725 10
601 1726 10
601 1727 10
601 1728 10
601 1729 10
601 1730 10
601 1731 10
601 1732 10
601 1733 10
601 1734 10
601 1735 10
601 1736 10
601 1737 10
601 1738 10
601 1739 10
601 1740 10
601 1741 10
601 1742 10
601 1743 10
601 1744 10
601 1745 10
601 1746 10
601 1747 10
601 1748 10
601 1749 10
601 1750 10
601 1751 10
601 1752 10
601 1753 10
601 1754 10
601 1755 10
601 1756 10
601 1757 10
601 1758 10
601 1759 10
601 1760 10
601 1761 11
601 1762 10
601 1763 10
601 1764 10
601 1765 10
601 1766 10
601 1767 10
601 1768 10
601 1769 10
601 1770 10
601 1771 10
601 1772 10
601 1773 10
601 1774 10
601 1775 10
601 1776 10
601 1777 10
601 1778 10
601 1779 10
601 1780 10
601 1781 10
601 1782 10
601 1783 10
601 1784 10
601 1785 10
601 1786 10
601 1787 10
601 1788 10
601 1789 10
601 1790 10
601 1791 10
601 1792 10
601 1793 10
601 1794 10
601 1795 10
601 1796 10
601 1797 10
601 1798 10
601 1799 10
601 1800 10
601 1801 10
601 1802 10
601 1803 10
601 1804 10
601 1805 10
601 1806 10
601 1807 10
601 1808 10
601 1809 10
601 1810 10
601 1811 10
601 1812 10
601 1813 10
601 1814 10
601 1815 10
601 1816 10
601 1817 10
601 1818 10
601 1819 10
601 1820 10
601 1821 10
601 1822 10
601 1823 10
601 1824 10
601 1825 10
601 1826 10
601 1827 10
601 1828 10
601 1829 10
601 1830 10
601 1831 11
601 1832 10
601 1833 10
601 1834 10
601 1835 10
601 1836 10
601 1837 10
601 1838 10
601 1839 10
601 1840 10
601 1841 10
601 1842 10
601 1843 10
601 1844 10
601 1845 10
601 1846 10
601 1847 11
601 1848 10
601 1849 10
601 1850 10
601 1851 10
601 1852 10
601 1853 10
601 1854 10
601 1855 10
601 1856 10
601 1857 10
601 1858 10
601 1859 10
601 1860 10
601 1861 10
601 1862 10
601 1863 10
601 1864 10
601 1865 10
601 1866 10
601 1867 10
601 1868 10
601 1869 10
601 1870 10
601 1871 10
601 1872 10
601 1873 10
601 1874 10
601 1875 10
601 1876 10
601 1877 10
601 1878 10
601 1879 10
601 1880 10
601 1881 10
601 1882 10
601 1883 10
601 1884 11
601 1885 10
601 1886 10
601 1887 10
601 1888 10
601 1889 10
601 1890 10
601 1891 10
601 1892 10
601 1893 10
601 1894 10
601 1895 10
601 1896 10
601 1897 10
601 1898 10
601 1899 10
601 1900 10
601 1901 10
601 1902 10
601 1903 10
601 1904 10
601 1905 10
601 1906 10
601 494 11
601 1907 10
601 1908 10
601 1909 10
601 1910 10
601 1911 10
601 1912 10
601 1913 10
601 1914 10
601 1915 10
601 1916 10
601 1917 10
601 1918 10
601 1919 10
601 1920 10
601 1921 10
601 1922 10
601 1923 10
601 1924 10
601 1925 10
601 1926 10
601 1927 10
601 1928 10
601 1929 10
601 1930 10
601 1931 10
601 1932 10
601 1933 10
601 1934 10
601 1935 10
601 1936 10
601 1937 10
601 1938 10
601 1939 10
601 1940 11
601 1941 10
601 1942 10
601 1943 10
601 1944 10
601 1945 10
601 1946 10
601 1947 10
601 1948 10
601 1949 10
601 1950 10
601 1951 10
601 1952 10
601 1953 10
601 1954 10
601 1955 10
601 1956 10
601 1957 10
601 1958 10
601 1959 10
601 1960 10
601 1961 10
601 1962 10
601 1963 10
601 1964 10
601 1965 10
601 1966 10
601 1967 10
601 1968 10
601 1969 10
601 1970 10
601 1971 10
601 1972 10
601 1973 10
601 1974 10
601 1975 10
601 1976 10
601 1977 10
601 1978 10
601 1979 10
601 1980 10
601 1981 10
601 1982 10
601 1983 10
601 1984 10
601 1985 10
601 1986 10
601 1987 10
601 1988 10
601 1989 10
601 1990 10
601 1991 10
601 1992 10
601 1993 10
601 1994 10
601 1995 10
601 1996 10
601 1997 10
601 1998 10
601 1999 10
601 2000 10
601 2001 10
601 2002 10
601 2003 10
601 2004 10
601 2005 10
601 2006 10
601 2007 10
601 2008 10
601 2009 10
601 2010 10
601 2011 10
601 2012 10
601 2013 10
601 2014 10
601 2015 10
601 2016 10
601 2017 10
601 2018 10
601 2019 10
601 2020 10
601 2021 10
601 2022 10
601 2023 10
601 2024 10
601 2025 10
601 2026 10
601 2027 10
601 2028 10
601 2029 10
601 2030 10
601 2031 10
601 2032 10
601 2033 10
601 2034 10
601 2035 10
601 2036 10
601 2037 10
601 2038 10
601 2039 10
601 2040 10
601 2041 10
601 2042 10
601 2043 10
601 2044 10
601 2045 10
601 2046 10
601 2047 10
601 2048 10
601 2049 10
601 2050 10
601 2051 10
601 2052 10
601 2053 10
601 2054 10
601 2055 10
601 2056 10
601 2057 10
601 2058 10
601 2059 10
601 2060 10
601 2061 10
601 2062 10
601 2063 10
601 2064 10
601 2065 10
601 2066 10
601 2067 10
601 2068 10
601 2069 10
601 2070 10
601 2071 10
601 2072 10
601 2073 10
601 2074 10
601 2075 10
601 2076 10
601 2077 10
601 2078 10
601 2079 10
601 2080 10
601 194 11
601 2081 10
601 2082 10
601 2083 10
601 2084 10
601 2085 10
601 2086 10
601 2087 10
601 2088 10
601 2089 10
601 2090 10
601 2091 10
601 2092 10
601 2093 10
601 2094 10
601 2095 10
601 2096 10
601 2097 10
601 2098 10
601 2099 10
601 2100 10
601 2101 10
601 2102 10
601 2103 10
601 2104 10
601 2105 10
601 2106 10
601 2107 10
601 2108 10
601 2109 10
601 2110 10
601 2111 10
601 2112 10
601 2113 10
601 2114 10
601 2115 10
601 2116 10
601 2117 10
601 2118 10
601 2119 10
601 2120 10
601 2121 10
601 2122 10
601 2123 10
601 2124 10
601 2125 10
601 2126 10
601 2127 10
601 2128 10
601 2129 10
601 2130 10
601 2131 10
601 2132 10
601 2133 10
601 2134 10
601 2135 10
601 2136 10
601 2137 10
601 2138 10
601 2139 10
601 2140 10
601 2141 10
601 282 11
601 2142 10
601 2143 10
601 2144 10
601 2145 10
601 2146 10
601 2147 10
601 2148 10
601 2149 10
601 2150 10
601 2151 10
601 2152 10
601 2153 10
601 2154 10
601 2155 10
601 2156 10
601 2157 10
601 2158 10
601 2159 10
601 2160 10
601 2161 10
601 2162 10
601 2163 10
601 2164 10
601 2165 10
601 2166 10
601 2167 10
601 2168 10
601 2169 10
601 2170 10
601 2171 10
601 2172 10
601 2173 10
601 2174 10
601 2175 10
601 2176 10
601 2177 10
601 2178 10
601 2179 10
601 2180 11
601 2181 10
601 2182 10
601 2183 10
601 2184 10
601 2185 10
601 2186 10
601 2187 10
601 2188 10
601 2189 10
601 2190 10
601 2191 11
601 2192 11
601 2193 10
601 2194 10
601 2195 10
601 2196 10
601 2197 10
601 2198 10
601 2199 10
601 2200 10
601 2201 10
601 2202 10
601 2203 10
601 2204 10
601 2205 10
601 2206 10
601 2207 10
601 2208 10
601 2209 10
601 2210 10
601 2211 10
601 2212 10
601 2213 10
601 2214 10
601 2215 10
601 2216 10
601 2217 10
601 2218 10
601 2219 10
601 2220 10
601 2221 10
601 2222 10
601 2223 10
601 2224 10
601 2225 10
601 2226 10
601 2227 10
601 2228 10
601 2229 10
601 2230 10
601 2231 10
601 2232 10
601 2233 10
601 2234 10
601 2235 10
601 2236 10
601 2237 10
601 2238 10
601 2239 10
601 2240 10
601 2241 10
601 2242 10
601 2243 10
601 2244 10
601 2245 10
601 2246 10
601 2247 10
601 2248 10
601 2249 10
601 2250 10
601 2251 10
601 2252 10
601 2253 10
601 2254 10
601 2255 10
601 2256 10
601 2257 10
601 2258 10
601 2259 10
601 2260 10
601 2261 10
601 2262 10
601 2263 10
601 2264 10
601 2265 10
601 2266 10
601 2267 10
601 2268 10
601 2269 10
601 2270 10
601 2271 10
601 2272 10
601 2273 10
601 2274 10
601 2275 10
601 2276 10
601 2277 10
601 2278 10
601 2279 10
601 2280 10
601 2281 10
601 2282 10
601 2283 10
601 2284 10
601 2285 10
601 2286 10
601 2287 10
601 2288 10
601 2289 10
601 2290 10
601 2291 10
601 2292 10
601 2293 10
601 2294 10
601 2295 10
601 2296 10
601 2297 10
601 2298 10
601 2299 10
601 2300 10
601 2301 10
601 2302 10
601 2303 10
601 2304 10
601 2305 10
601 2306 10
601 2307 10
601 2308 10
601 2309 10
601 2310 10
601 2311 10
601 2312 10
601 2313 10
601 2314 10
601 2315 10
601 2316 10
601 2317 10
601 2318 10
601 2319 10
601 2320 10
601 2321 10
601 2322 10
601 2323 10
601 2324 10
601 2325 10
601 2326 10
601 2327 10
601 2328 10
601 2329 10
601 2330 10
601 2331 10
601 2332 10
601 2333 10
601 2334 10
601 2335 10
601 2336 10
601 2337 10
601 2338 10
601 2339 10
601 2340 10
601 2341 10
601 2342 10
601 2343 10
601 2344 10
601 2345 10
601 2346 10
601 2347 10
601 2348 10
601 2349 10
601 2350 10
601 2351 10
601 2352 10
601 2353 10
601 2354 10
601 2355 10
601 2356 10
601 2357 10
601 2358 10
601 2359 10
601 2360 10
601 2361 10
3 2362 1
2363 503 0
2364 2365 0
2366 2367 3
2366 2368 0
2366 2369 0
2370 2371 0
2372 2373 0
2372 2374 0
2372 2375 0
2372 2376 0
2372 2377 0
2372 252 0
2378 2379 0
2380 199 3
2380 200 3
2380 201 3
2380 202 3
2380 203 0
2381 2382 0
2383 93 0
2384 2385 0
2384 82 0
2384 2386 0
2387 2388 0
2387 2389 0
2387 426 0
2387 2390 0
2391 2392 0
2393 2394 0
2395 2368 0
2396 2397 0
2398 2399 0
2400 2401 0
2402 2403 3
2402 515 3
2402 2404 3
2402 2405 0
2402 514 0
2406 2407 0
2408 2409 0
2410 2411 5
2410 2412 6
2413 2414 0
375 374 2
2415 460 0
2415 2416 0
2417 2418 0
2419 173 0
2420 595 0
288 3 1
2421 2422 0
2423 404 0
2424 341 7
2424 363 8
2425 2426 5
2425 2427 6
225 222 2
225 223 2
2428 2429 0
2430 2431 0
2432 2433 0
2434 2435 0
2436 2437 0
2436 458 0
2436 208 0
2438 2439 0
2438 2440 0
2441 2442 0
2443 2444 0
2445 2446 0
2447 2448 0
481 479 2
2449 2450 2
2451 2452 0
2453 2454 0
2455 2456 0
2457 2458 0
2459 2460 0
2461 88 0
2461 2462 0
2463 2464 0
2465 341 7
2465 3 8
2466 453 0
2466 2467 0
907 2468 0
2469 2470 0
2471 2371 0
2472 2473 3
2472 2474 3
2472 2475 0
2472 2476 0
2477 2478 2
2479 84 0
2480 451 0
2481 2482 0
2483 2484 0
1761 2485 0
2486 2487 0
2486 2488 0
2489 2490 2
2491 2492 3
2491 2493 0
2494 3 1
2495 2496 3
2495 2497 0
2498 2499 2
2500 503 0
2500 2501 0
2502 2503 0
2504 2505 0
2506 2507 0
2508 2509 0
2510 246 3
2510 2511 0
2510 2512 0
2510 245 0
2513 2490 3
2513 2489 0
2514 2515 0
2514 2516 0
2517 2518 0
2519 2520 0
2521 2522 0
2523 571 0
2523 572 0
2524 434 0
2525 2526 0
2527 2528 0
2529 334 8
162 161 2
2530 2531 5
2530 2532 6
2533 534 0
2534 2535 0
2536 2537 0
2538 3 7
2539 301 0
2539 2540 0
2541 390 0
2542 2543 0
2544 2545 3
2544 2546 0
2547 2548 0
2549 2392 0
2550 536 3
2550 77 0
2550 537 0
2551 501 0
2552 336 7
2552 95 8
2553 2478 3
2553 454 0
2553 2477 0
497 95 4
1619 2554 0
2555 2556 2
2557 2558 0
2557 2559 0
2560 2561 0
334 555 4
2562 491 0
2563 2564 0
2565 2566 5
2565 2567 6
2568 299 0
2569 288 7
2569 96 8
2570 331 0
2571 2450 3
2571 2449 0
2572 2573 0
731 2574 3
731 2575 0
2191 2576 0
2577 2578 0
2579 87 0
2580 2581 3
2580 2582 0
2583 370 0
2584 2585 0
2586 2587 2
2588 486 0
2588 487 0
2588 2589 0
2588 2416 0
2588 395 0
2588 39 0
2590 2407 0
1940 2591 0
2592 391 0
2593 427 0
2362 2594 11
2362 2595 11
2362 40 11
2362 2596 11
2362 237 11
2362 2597 11
2362 2598 11
2362 2599 11
2362 2600 11
2362 2601 11
2362 2602 11
2362 352 11
2362 2603 11
2362 2604 11
2362 2605 11
2362 484 11
2362 419 11
2362 2606 11
2362 2607 11
2362 2608 11
2362 589 11
2362 2609 11
2362 337 11
2362 160 11
2362 300 11
2362 2610 11
2362 2611 11
2362 511 11
2362 2612 11
2362 209 11
2362 2413 11
2362 409 11
2362 2613 11
2362 2486 11
2362 2614 11
2362 2615 11
2362 2616 11
2362 2617 11
2362 2618 11
2362 258 11
2362 2378 11
2362 513 11
2362 502 11
2362 2619 11
2362 2620 11
2362 2621 11
2362 2622 11
2362 8 11
2362 241 11
2362 2391 11
2362 2623 11
2362 2624 11
2362 472 11
2362 2625 11
2362 263 11
2362 205 11
2362 2626 11
2362 531 11
2362 25 11
2362 2627 11
2362 2628 11
2362 70 11
2362 2432 11
2362 376 11
2362 2629 11
2362 2466 11
2362 500 11
2362 2630 11
2362 506 11
2362 424 11
2362 2631 11
2362 2510 11
2362 64 11
2362 2451 11
2362 2632 11
2362 81 11
2362 2633 11
2362 2634 11
2362 2635 11
2362 92 11
2362 2636 11
2362 2430 11
2362 2637 11
2362 2638 11
2362 2500 11
2362 2639 11
2362 2640 11
2362 2641 11
2362 349 11
2362 2642 11
2362 2643 11
2362 2644 11
2362 2645 11
2362 2445 11
2362 2646 11
2362 156 11
2362 579 11
2362 2647 11
2362 302 11
2362 2648 11
2362 2402 11
2362 2443 11
2362 2649 11
2362 2650 11
2362 2651 11
2362 4 11
2362 2652 11
2362 2457 11
2362 2653 11
2362 2654 11
2362 2655 11
2362 2590 11
2362 2656 11
2362 2396 11
2362 304 11
2362 2657 11
2362 378 11
2362 2658 11
2362 2659 11
2362 184 11
2362 2491 11
2362 2660 11
2362 490 11
2362 2661 11
2362 2662 11
2362 2663 11
2362 2384 11
2362 2664 11
2362 2665 11
2362 2666 11
2362 166 11
2362 2667 11
2362 2668 11
2362 2669 11
2362 2592 11
2362 2670 11
2362 2671 11
2362 2672 11
2362 2673 11
2362 2674 11
2362 228 11
2362 2675 11
2362 2480 11
2362 2676 11
2362 2677 11
2362 2678 11
2362 2679 11
2362 2680 11
2362 522 11
2362 2681 11
2362 280 11
2362 2682 11
2362 2683 11
2362 2684 11
2362 2685 11
2362 2686 11
2362 558 11
2362 2687 11
2362 2688 11
2362 2689 11
2362 2690 11
2362 2419 11
2362 14 11
2362 164 11
2362 2691 11
2362 2692 11
2362 2479 11
2362 2693 11
2362 2694 11
2362 2695 11
2362 2696 11
2362 207 11
2362 570 11
2362 2542 11
2362 2697 11
2362 2698 11
2362 2699 11
2362 2700 11
2362 2701 11
2362 373 11
2362 2702 11
2362 2703 11
2362 2463 11
2362 2364 11
2362 533 11
2362 2704 11
2362 2705 11
2362 2553 11
2362 2706 11
2362 2707 11
2362 2708 11
2362 12 11
2362 2709 11
2362 2710 11
2362 2711 11
2362 538 11
2362 2712 11
2362 214 11
2362 2713 11
2362 2517 11
2362 72 11
2362 2381 11
2362 2508 11
2362 2714 11
2362 2715 11
2362 2716 11
2362 2717 11
2362 2718 11
2362 2719 11
2362 546 11
2362 274 11
2362 2720 11
2362 2721 11
2362 2722 11
2362 2723 11
2362 2724 11
2362 2725 11
2362 2726 11
2362 2727 11
2362 2395 11
2362 576 11
2362 2728 11
2362 2729 11
2362 2730 11
2362 2731 11
2362 478 11
2362 2732 11
2362 2733 11
2362 2541 11
2362 492 11
2362 585 11
2362 2734 11
2362 594 11
2362 2735 11
2362 2736 11
2362 2737 11
2362 2738 11
2362 2593 11
2362 0 11
2362 2739 11
2362 541 11
2362 2740 11
2362 2741 11
2362 231 11
2362 367 11
2362 2742 11
2362 2461 11
2362 2743 11
2362 2744 11
2362 2745 11
2362 2746 11
2362 417 11
2362 2747 11
2362 2748 11
2362 2749 11
2362 330 11
2362 2750 11
2362 2751 11
2362 10 11
2362 2752 11
2362 269 11
2362 60 11
2362 2551 11
2362 2753 11
2362 2754 11
2362 2755 11
2362 2483 11
2362 2756 11
2362 2757 11
2362 221 11
2362 2495 11
2362 465 11
2362 2758 11
2362 2759 11
2362 2760 11
2362 2761 11
2362 2762 11
2362 2536 11
2362 2763 11
2362 2764 11
2362 2765 11
2362 2534 11
2362 2504 11
2362 2372 11
2362 2766 11
2362 327 11
2362 2767 11
2362 2768 11
2362 2769 11
2362 2527 11
2362 2770 11
2362 2771 11
2362 2772 11
2362 2773 11
2362 2774 11
2362 2775 11
2362 2455 11
2362 411 11
2362 2571 11
2362 2776 11
2362 2777 11
2362 2580 11
2362 2408 11
2362 2778 11
2362 565 11
2362 354 11
2362 2779 11
2362 2588 11
2362 2780 11
2362 2781 11
2362 2782 11
2362 2783 11
2362 2533 11
2362 2453 11
2362 55 11
2362 2784 11
2362 2785 11
2362 2786 11
2362 2787 11
2362 265 11
2362 2788 11
2362 2789 11
2362 2790 11
2362 2791 11
2362 2792 11
2362 2406 11
2362 261 11
2362 2793 11
2362 2794 11
2362 2795 11
2362 247 11
2362 2796 11
2362 2797 11
2362 186 11
2362 2798 11
2362 346 11
2362 2799 11
2362 66 11
2362 2428 11
2362 421 11
2362 2800 11
2362 2801 11
2362 2802 11
2362 2803 11
2362 338 11
2362 57 11
2362 2525 11
2362 272 11
2362 74 11
2362 2804 11
2362 2472 11
2362 2805 11
2362 2438 11
2362 2806 11
2362 2459 11
2362 2807 11
2362 598 11
2362 2808 11
2362 548 11
2362 2370 11
2362 2809 11
2362 2400 11
2362 357 11
2362 2421 11
2362 44 11
2362 2810 11
2362 2811 11
2362 2812 11
2362 2813 11
2362 2568 11
2362 2814 11
2362 2579 11
2362 2815 11
2362 2502 11
2362 344 11
2362 2816 11
2362 575 11
2362 2539 11
2362 2817 11
2362 2818 11
2362 325 11
2362 2819 11
2362 2363 11
2362 467 11
2362 2820 11
2362 2821 11
2362 2822 11
2362 2823 11
2362 2824 11
2362 235 11
2362 2825 11
2362 27 11
2362 2826 11
2362 2572 11
2362 2383 11
2362 2469 11
2362 2827 11
2362 2828 11
2362 2829 11
2362 2830 11
2362 2831 11
2362 2832 11
2362 34 11
2362 527 11
2362 277 11
2362 2833 11
2362 2834 11
2362 2835 11
2362 2836 11
2362 2837 11
2362 2838 11
2362 2839 11
2362 413 11
2362 2840 11
2362 2557 11
2362 2841 11
2362 2842 11
2362 6 11
2362 2843 11
2362 16 11
2362 2844 11
2362 2845 11
2362 79 11
2362 2447 11
2362 561 11
2362 294 11
2362 2846 11
2362 2847 11
2362 2848 11
2362 551 11
2362 2560 11
2362 2849 11
2362 2850 11
2362 2851 11
2362 289 11
2362 553 11
2362 2852 11
2362 596 11
2362 306 11
2362 2570 11
2362 2441 11
2362 2853 11
2362 2577 11
2362 2854 11
2362 2855 11
2362 2856 11
2362 2521 11
2362 2857 11
2362 2858 11
2362 2859 11
2362 2860 11
2362 2519 11
2362 508 11
2362 2861 11
2362 2862 11
2362 2863 11
2362 365 11
2362 2864 11
2362 2865 11
2362 2866 11
2362 2867 11
2362 2868 11
2362 2563 11
2362 2869 11
2362 2870 11
2362 2871 11
2362 2872 11
2362 20 11
2362 2584 11
2362 2873 11
2362 2874 11
2362 2387 11
2362 2875 11
2362 2876 11
2362 469 11
2362 2877 11
2362 2878 11
2362 2879 11
2362 2434 11
2362 76 11
2362 2880 11
2362 2881 11
2362 158 11
2362 2882 11
2362 2883 11
2362 154 11
2362 2884 11
2362 37 11
2362 510 11
2362 31 11
2362 2583 11
2362 2885 11
2362 2471 11
2362 2523 11
2362 2513 11
2362 573 11
2362 2886 11
2362 2544 11
2362 2887 11
2362 2398 11
2362 2888 11
2362 256 11
2362 178 11
2362 2889 11
2362 2890 11
2362 2891 11
2362 2892 11
2362 2549 11
2362 407 11
2362 226 11
2362 2893 11
2362 2894 11
2362 504 11
2362 2895 11
2362 2896 11
2362 2897 11
2362 2898 11
2362 2899 11
2362 482 11
2362 2900 11
2362 2901 11
2362 2902 11
2362 2903 11
2362 2904 11
2362 2423 11
2362 2905 11
2362 2906 11
2362 2907 11
2362 2908 11
2362 2909 11
2362 2910 11
2362 569 11
2362 2911 11
2362 2912 11
2362 2913 11
2362 2436 11
2362 544 11
2362 581 11
2362 18 11
2362 2366 11
2362 2914 11
2362 2915 11
2362 2916 11
2362 172 11
2362 2917 11
2362 2547 11
2362 2918 11
2362 556 11
2362 348 11
2362 2919 11
2362 2920 11
2362 62 11
2362 188 11
2362 68 11
2362 2481 11
2362 2921 11
2362 2417 11
2362 2380 11
2362 2922 11
2362 2393 11
2362 2923 11
2362 2924 11
2362 2925 11
2362 2926 11
2362 2927 11
2362 2514 11
2362 2928 11
2362 2415 11
2362 2929 11
2362 600 11
2362 2930 11
2362 2931 11
2362 2506 11
2362 2932 11
2362 2933 11
2362 2934 11
2362 2935 11
2362 2936 11
2362 2937 11
2362 298 11
2362 216 11
2362 211 11
2362 529 11
2362 2938 11
2362 2939 11
2362 2940 11
2362 2941 11
2362 2942 11
2362 2943 11
2362 2944 11
2362 2945 11
2362 2946 11
2362 2947 11
2362 2948 11
2362 2949 11
2362 2950 11
2362 2951 11
2362 2952 11
2362 563 11
2362 2562 11
2362 2953 11
2362 2954 11
2362 560 11
2362 2955 11
2362 250 11
2362 543 11
2362 2420 11
2362 2956 11
2362 243 11
2362 2957 11
2362 355 11
2362 198 11
2362 2958 11
2362 2959 11
2362 2550 11
2362 2960 11
2362 2961 11
2362 2962 11
2362 2963 11
2362 2964 11
2362 29 11
2362 2965 11
2362 196 11
2362 2966 11
2362 192 11
2362 2967 11
2362 488 11
2362 2968 11
2362 2969 11
2362 2970 11
2362 2971 11
2362 2972 11
2362 2973 11
2362 2974 11
2362 2975 11
2362 2976 11
2362 2524 11
2362 516 11
2362 2977 11
2362 2978 11
2362 2979 11
2362 2980 11
2362 2981 11
2362 291 11
2362 2982 11
2362 2983 11
2362 2984 11
2362 2985 11
2362 2986 11
2362 2987 11
2362 2988 11
2362 2989 11
2362 2990 11
2362 535 11
2362 2991 11
2362 2992 11
2405 2403 2
2405 2404 2
2672 2993 3
2672 2994 0
2995 2996 5
2995 477 6
2966 2997 0
2984 2373 0
2984 2377 0
2664 2998 0
2756 2999 0
2756 3000 0
2756 3001 0
2740 3002 0
2813 3003 0
2813 2452 0
3004 341 7
3004 416 8
2910 3005 0
477 3 1
2931 425 3
2931 452 0
2759 197 0
2921 3006 3
2921 3007 0
2770 545 0
3008 3009 0
3008 3010 0
3008 3011 3
3008 3012 0
3008 3013 0
3008 3014 0
2776 3015 0
2777 3016 0
3017 341 7
3017 95 8
2648 3018 0
2637 45 0
2637 77 0
2637 78 0
3019 3020 4
2627 3021 0
2812 3022 0
2755 440 0
2619 3023 0
2620 528 0
2713 597 0
2675 3024 0
2800 3025 0
2800 3026 0
1588 3027 0
2714 2505 0
2532 249 4
2567 249 4
2606 3028 0
2606 3029 0
2712 3030 0
2646 3031 0
3032 268 5
3032 2362 6
3033 3034 0
3033 89 0
3033 3035 0
3033 3036 0
3033 3037 0
183 181 2
183 179 2
183 182 2
183 180 2
2827 232 3
2827 234 0
2617 11 0
2617 509 0
2546 2545 2
2743 379 0
2961 83 0
2961 429 0
2855 3038 0
2855 444 0
3039 3040 2
2709 3041 0
2860 3042 0
2860 3043 0
2575 2574 2
2696 2589 0
2829 3044 0
2730 3045 0
851 3046 3
851 3047 0
2981 3048 0
2924 3049 0
2722 3050 0
2720 3051 0
2922 3052 0
2884 3053 0
2886 3054 0
2711 3055 0
2711 3056 0
2817 3057 0
2802 549 3
2802 550 0
2982 2473 3
2982 2475 0
2610 3058 0
2798 3059 0
3020 334 4
2611 532 0
3060 3061 5
3060 249 6
2732 3062 0
914 3063 0
2816 3064 0
2789 3065 0
2868 3066 0
2605 3067 0
2605 3068 0
3069 3070 7
3069 3019 8
2625 3071 0
3072 341 7
3072 336 8
2779 299 0
2180 3073 0
2180 3074 0
2180 3075 0
2180 3076 0
2180 3077 0
2180 3078 0
2180 3079 0
2180 3080 0
2705 3081 0
2988 586 0
2980 3082 0
3083 3008 11
3083 3084 11
3083 49 11
3083 3033 11
3083 3085 11
2636 380 0
2715 3086 0
2941 3087 0
2822 3088 0
2822 2433 0
2700 3089 0
2603 3090 0
2764 21 0
2764 22 0
2764 3091 0
2764 23 0
2764 24 0
2764 3092 0
2821 3093 0
2706 3094 0
2750 278 3
2750 279 0
3095 3096 2
3097 3098 2
3097 3099 2
2614 173 0
2814 3100 0
3101 3085 8
3101 341 7
3102 341 7
3102 363 8
2846 350 3
2846 351 0
2622 3103 0
2622 3104 0
2840 3105 0
2840 3106 0
2840 3107 0
2840 3108 0
2840 3109 0
2840 3110 0
3111 3112 12
2724 3113 3
2724 3114 3
2724 3115 0
2990 3116 0
2824 3092 0
2815 493 0
537 536 2
2915 3117 0
2647 3118 0
2595 3119 0
2595 3120 0
2872 2474 3
2872 2476 0
2650 3121 0
2650 3055 0
2650 3056 0
2615 2520 0
2837 3122 0
2837 3123 0
297 295 2
297 296 2
2925 165 0
2881 442 0
2956 350 3
2956 3124 0
2956 351 0
2900 3125 0
2788 3126 0
3127 268 5
3127 191 6
2774 3128 0
2971 3129 0
2971 2454 0
2719 48 3
2719 3130 0
2719 47 0
2782 2556 3
2782 2555 0
2635 3131 0
2660 595 0
2775 445 0
2775 3132 0
2891 2456 0
2739 206 0
2994 2993 2
2859 3124 0
2692 3118 0
2849 386 0
2849 383 0
2849 398 0
2923 3133 0
2923 3134 0
2475 2473 2
2828 3054 0
2754 2456 0
3135 3136 5
3135 3137 6
2951 3105 0
2951 3106 0
2951 3107 0
2951 3108 0
3070 416 4
2748 3138 0
2790 3139 0
2671 428 0
2826 392 0
2950 21 0
2950 22 0
2689 3140 0
3141 341 7
3141 3142 8
2969 3143 0
2843 3144 0
2661 3145 0
2661 3146 0
3147 363 7
3147 3142 8
2600 3148 0
2596 217 0
2926 3149 0
524 523 2
2626 3150 0
698 3151 0
2932 3148 0
2694 3050 0
1138 3152 0
2787 3153 0
1847 113 3
1847 120 3
1847 136 3
1847 123 3
1847 145 3
1847 126 3
1847 124 3
1847 153 3
1847 121 3
1847 138 3
1847 134 3
1847 130 3
1847 132 3
1847 146 3
1847 137 3
1847 151 3
1847 117 3
1847 107 3
1847 99 3
1847 141 3
1847 140 3
1847 133 3
1847 103 3
1847 142 3
1847 101 3
1847 97 0
1847 118 3
1847 119 3
1847 128 3
1847 109 3
1847 110 3
1847 139 3
1847 112 3
1847 100 3
1847 131 3
1847 135 3
1847 147 3
1847 106 3
1847 108 3
1847 116 3
1847 148 3
1847 125 3
1847 129 3
1847 143 3
1847 104 3
1847 105 3
1847 114 3
1847 102 3
1847 144 3
1847 122 3
1847 115 3
1847 149 3
1847 150 3
1847 152 3
1847 111 3
1847 127 3
1847 98 3
2657 3154 0
2901 547 0
2901 3155 0
2928 3131 0
2928 412 0
2791 3156 0
2708 3157 0
2866 2997 0
351 350 2
2809 3158 0
2850 3159 0
3115 3113 2
3115 3114 2
2841 2367 3
2841 2369 0
2630 3117 0
3160 362 13
2887 3161 0
2887 3162 0
2919 3163 0
2698 3164 0
2698 3165 0
2968 233 0
2930 434 0
2810 3166 0
2909 403 0
3167 341 7
3167 2 8
2721 3168 0
2651 3169 0
3170 3171 5
3170 3172 6
3173 341 7
3173 477 8
279 278 2
2903 3174 0
2903 3175 0
2906 578 0
3176 268 5
3176 248 6
2970 3177 0
2867 285 3
2867 3098 3
2867 3099 3
2867 3097 0
2867 284 0
2902 3178 0
2691 3093 0
3179 363 7
3179 95 8
2963 3180 0
2905 2499 3
2905 2498 0
2703 586 0
2920 2564 0
2707 3181 0
2707 3182 0
2707 3183 0
2707 3184 0
2707 3185 0
2707 3186 0
2707 3187 0
2707 3188 0
2707 3189 0
2707 3190 0
2707 3191 0
2707 3192 0
2707 3193 0
2707 3194 0
2707 3195 0
2707 3196 0
2707 3197 0
2707 3198 0
2947 3104 0
2874 3199 0
59 58 2
2976 436 0
3200 477 7
3200 3142 8
2697 3201 0
3202 3203 3
3202 3204 3
3202 584 3
3202 3205 3
3202 3206 3
3202 3207 3
3202 3040 3
3202 3208 3
3202 3209 3
3202 583 0
3202 3039 0
3202 3210 0
3202 3211 3
2597 3212 0
3085 3213 0
3085 3214 0
3085 3215 0
3085 3216 0
3085 3217 0
2883 374 3
2883 375 0
3218 477 7
3218 3142 8
2670 3022 0
2801 32 0
2801 571 0
2801 382 0
2801 3055 0
2801 3105 0
2801 3122 0
2801 3109 0
2801 2439 0
2801 3107 0
2801 3219 0
2801 212 0
2801 3220 0
2369 2367 2
2889 3221 0
2847 3222 0
361 191 4
2945 3223 0
3224 3225 9
2851 3223 0
2702 3226 0
2655 536 3
2655 537 0
2912 446 0
2912 3227 0
2865 2484 0
2682 3228 0
2710 3229 0
2710 432 0
2710 3230 0
2607 3231 0
2949 3232 0
2949 450 0
2773 3157 0
2808 3233 0
2669 3234 0
2602 3235 0
249 555 4
3012 3011 2
3236 477 7
3236 3142 8
3237 3238 2
2618 3239 0
2879 13 0
2832 3240 0
2673 459 0
2673 3241 0
2662 3242 0
2662 3243 0
2662 3244 0
2633 240 0
2880 3245 0
2842 3246 0
2937 3247 0
2835 3248 0
2913 3249 0
2913 455 0
1363 3250 0
2771 3045 0
2718 3251 0
2877 3252 0
1654 3253 0
2819 388 0
2885 3254 0
2955 3255 0
2955 3256 0
2725 3257 0
2641 3258 0
2784 3259 0
2991 345 0
2991 3259 0
2991 3260 0
2991 2464 0
2991 3261 0
2804 3262 0
2933 3263 0
2933 2511 0
2933 3264 0
2933 3265 0
2933 3266 0
2933 2442 0
2933 485 0
2933 2515 0
2933 328 0
2933 3267 0
2933 3229 0
2933 2589 0
2933 3038 0
2933 480 0
2933 3268 0
2933 3025 0
2933 434 0
2933 167 0
3269 3270 2
2639 462 0
2639 3271 0
3013 3011 2
2767 3265 0
2767 433 0
2767 3272 0
2659 259 0
2830 177 3
2830 176 0
2793 3273 0
591 590 2
2733 3274 0
2493 2492 2
3275 3276 5
3275 336 6
2668 3263 0
2668 3277 0
2772 3278 0
2870 3279 0
2890 2490 3
2890 2489 0
2986 3280 0
2653 406 0
2989 491 0
2892 58 3
2892 59 0
2497 2496 2
3281 3282 5
3281 496 6
2704 3005 0
2745 264 0
2766 3109 0
2766 3110 0
2778 3268 0
2778 439 0
2778 3283 0
2854 3284 0
2967 3285 0
2792 3221 0
3286 3287 2
3286 3288 2
2629 2439 0
2629 2440 0
2645 393 0
2987 559 0
2781 2444 0
2658 517 0
2674 2390 0
2833 3289 0
2677 397 0
2973 3290 0
3291 268 5
3291 363 6
2621 3292 0
2665 574 0
2897 434 0
3293 341 7
3293 3 8
2780 3294 0
2738 244 0
2738 3295 0
3142 3 1
2613 3296 0
2613 3297 0
3298 94 4
2838 437 0
2683 3299 0
2940 3300 0
2965 3301 0
3302 341 7
3302 288 8
471 470 2
2612 577 0
2899 385 0
1831 3303 0
1831 3304 0
1831 3305 0
2979 3306 0
2735 3307 0
2608 3270 3
2608 3269 0
3308 249 4
2806 449 0
2616 21 0
2616 22 0
2916 232 3
2916 234 0
2666 447 0
2632 3309 0
2634 559 0
2634 578 0
2634 285 3
2634 58 3
2634 3155 0
2634 56 0
2634 3310 0
2634 466 0
2634 3311 0
2634 3312 3
2634 3050 0
2634 3261 0
2634 3117 0
2634 3005 0
2634 3313 0
2634 275 0
2634 24 0
2634 218 0
2634 2997 0
2634 3133 0
2634 3299 0
2634 3062 0
2634 78 0
2634 3023 0
2634 3048 0
2634 220 0
2634 219 0
2634 3314 0
2634 3149 0
2634 3045 0
2634 284 0
2634 59 0
2634 3134 0
2634 2464 0
2634 276 0
2634 23 0
2634 3128 0
2634 3022 0
2634 3315 0
2634 2484 0
2634 3049 0
2634 2418 0
2634 2367 3
2634 77 0
2634 2369 0
2634 577 0
2634 2368 0
3311 3312 2
2839 3316 0
2752 3317 0
2604 3128 0
2972 461 0
2624 2435 0
2747 3318 0
2747 3319 0
2747 3320 0
2747 3310 0
2942 3321 0
2786 3322 0
2857 398 0
2857 3323 0
550 549 2
3324 190 4
2797 3088 0
2695 242 0
2695 3259 0
3325 555 4
452 425 2
2844 3326 0
2863 326 0
2803 3327 0
2599 3246 0
2654 3328 0
2893 509 0
3329 415 4
2845 2377 0
2678 3330 3
2678 3331 0
2678 3294 0
2427 249 4
2983 3332 0
2983 3333 0
2958 3334 0
2908 3335 0
2908 3177 0
3336 3337 9
2888 3338 0
2888 3339 0
2888 2388 0
2888 3340 0
2888 3119 0
2888 3226 0
2888 2487 0
2888 3095 0
2888 2437 0
2888 3341 0
2888 229 0
2888 422 0
2888 3270 3
2888 2460 0
2888 35 0
2888 38 0
2888 26 0
2888 3269 0
2888 3255 0
2888 3318 0
2888 2385 0
2888 3096 3
2852 3342 0
2895 3343 0
2871 3344 0
2638 400 0
2742 3345 0
2741 3346 0
2684 3347 0
2825 2449 0
2825 2450 3
2825 3239 0
2825 3348 0
2825 550 0
2825 292 0
2825 549 3
2799 3330 3
2799 3331 0
2799 3349 0
2799 271 0
2799 3345 0
2642 399 0
2929 3350 0
2693 3351 0
2757 2429 0
2898 163 0
2734 2440 0
2734 389 0
2734 33 0
2734 3123 0
2734 3056 0
2734 3352 0
2734 3110 0
2734 3353 0
2734 572 0
2734 3106 0
2734 213 0
2734 3108 0
2836 3221 0
2667 3100 0
2938 593 3
2938 3340 0
2938 592 0
3331 3330 2
2811 2377 0
2935 3339 0
2935 3354 0
2935 386 0
2751 3355 0
2690 3096 3
2690 383 0
2690 3095 0
2690 3356 0
3047 3046 2
2760 3321 0
2761 3357 0
2679 3358 0
2679 3359 0
2962 3267 0
2962 85 0
2962 463 0
2974 3330 3
2974 3331 0
2974 3360 0
2974 3294 0
2974 3068 0
191 416 4
2765 206 0
2853 3361 0
2853 3362 0
2894 3363 0
3364 3365 5
3364 3070 6
2753 430 0
2753 3280 0
3366 3329 4
3367 3368 2
2476 2474 2
2686 435 0
3172 249 4
416 555 4
2977 3093 0
2977 3048 0
2953 464 0
2953 2586 0
2763 3369 0
3370 3371 5
3370 2494 6
3372 268 5
3372 3325 6
2876 3373 0
2731 443 0
2939 3374 0
2939 3087 0
2939 3375 0
2861 457 0
2623 470 3
2623 471 0
2985 3376 0
2729 3178 0
2736 3377 0
3084 3286 0
3084 3378 0
3084 3379 0
3084 3380 0
3084 3381 0
2917 431 0
2917 3349 0
2737 401 0
2856 402 0
2848 384 0
2644 3341 0
2644 3382 0
2582 2581 2
2717 2371 0
2769 3146 0
2873 3383 0
2954 3384 0
2758 3385 0
2652 3386 0
2869 2545 3
2869 2546 0
2869 441 0
2869 3387 0
2869 381 0
2727 3388 3
2727 3389 0
363 3 1
2964 2585 0
2964 187 0
2807 3390 0
2601 371 0
2918 3391 0
2192 3238 3
2192 3237 0
2680 3312 3
2680 3311 0
2680 3313 0
2609 3392 0
2952 3393 0
2914 2482 0
2914 3394 0
2914 2435 0
2914 3395 0
2914 3131 0
2914 412 0
2992 528 0
2927 394 0
2412 3 1
2594 3199 0
2820 396 0
2948 3396 0
2649 3157 0
2649 2558 0
2649 3016 0
2649 3397 0
2649 255 0
2943 3398 0
3014 3011 2
2656 3003 0
2834 521 3
2834 3266 0
2834 520 0
2640 3399 0
2794 3400 0
2796 448 0
2768 3401 0
3007 3006 2
2701 3402 0
3403 3404 7
3403 2 8
2875 3405 0
2818 93 0
2818 3260 0
3406 3407 5
3406 3325 6
2685 3408 0
1884 3409 0
2823 3410 0
943 3411 0
2723 597 0
2688 3412 0
2699 3413 0
2959 2522 0
2959 215 0
2726 3349 0
2726 271 0
1694 3414 0
1694 3415 0
2805 3146 0
2864 3416 0
2687 3417 0
1087 3418 0
2936 438 0
2681 238 0
2749 3419 0
2643 3362 0
2643 557 0
2628 3420 0
2716 3001 0
3137 191 4
3210 3206 2
2598 253 0
2896 3421 0
2795 405 0
2878 3422 0
2882 3376 0
2882 3423 0
2882 3424 0
3425 3426 5
3425 288 6
2934 3328 0
2934 204 0
2744 3427 0
2978 3428 0
2728 3423 0
2728 3424 0
2831 3429 0
2785 78 0
3430 3431 5
3430 3308 6
2957 3220 0
2957 3353 0
2957 3062 0
2907 2418 0
2631 3264 0
2960 2374 0
2762 3094 0
2746 292 0
2783 3087 0
2946 3368 3
2946 3367 0
2862 2587 3
2862 2586 0
2663 3145 0
2904 406 0
2944 3432 0
2858 3116 0
2975 3155 0
2975 3390 0
3389 3388 2
2676 3299 0
3433 268 5
3433 416 6
3434 3435 12
2911 3178 0
3436 341 7
3436 288 8
